[gd_scene format=3 uid="uid://d3y14e5w02pks"]

[ext_resource type="Script" uid="uid://i4fawvg3a5gc" path="res://player.gd" id="1_abcd"]
[ext_resource type="PackedScene" uid="uid://blvyadcfooqb1" path="res://public/image/kenney_pirate-kit/Models/GLB format/ship-pirate-medium.glb" id="2_model"]
[ext_resource type="PackedScene" uid="uid://yod23gfnthf6" path="res://public/image/kenney_pirate-kit/Models/GLB format/cannon.glb" id="3_cannon"]

[sub_resource type="BoxShape3D" id="BoxShape3D_1"]
size = Vector3(2, 2, 4)

[sub_resource type="SceneReplicationConfig" id="SceneReplicationConfig_1"]
properties/0/path = NodePath(".:position")
properties/0/spawn = true
properties/0/replication_mode = 1
properties/1/path = NodePath(".:rotation")
properties/1/spawn = true
properties/1/replication_mode = 1

[node name="Player" type="CharacterBody3D" unique_id=780494155]
script = ExtResource("1_abcd")

[node name="ship-pirate-medium" parent="." unique_id=254136250 instance=ExtResource("2_model")]

[node name="CannonRight" parent="." unique_id=519790598 instance=ExtResource("3_cannon")]
transform = Transform3D(0.021915043, 0.023033716, -0.7567544, 0.043564286, 0.8149877, 0.022468582, 0.7987565, -0.045081526, 0.019537108, -1.5801028, 1.9612243, -0.5178393)
metadata/_edit_group_ = true

[node name="SpawnPoint" type="Marker3D" parent="CannonRight" unique_id=1653815632]
transform = Transform3D(0.18146622, 0.16335058, 0.969738, -0.7520946, 0.6583844, 0.029835898, -0.63358486, -0.7347478, 0.24232806, 0.1029799, 0.57840633, 1.3168886)

[node name="CannonLeft" parent="." unique_id=1702005219 instance=ExtResource("3_cannon")]
transform = Transform3D(0.033404946, 0, 0.69573146, 0, 0.81270045, 0, -0.8120592, 0, 0.028619654, 1.6747167, 1.9889443, -0.59247166)

[node name="SpawnPoint" type="Marker3D" parent="CannonLeft" unique_id=1633058549]
transform = Transform3D(0.68195564, 0, -0.73139364, 0, 0.9999999, 0, 0.73139346, 0, 0.681956, 0.08593741, 0.68099594, 1.2017224)

[node name="CollisionShape3D" type="CollisionShape3D" parent="." unique_id=1024677605]
transform = Transform3D(1, 0, 0, 0, 1, 0, 0, 0, 1, 0, 1, 0)
shape = SubResource("BoxShape3D_1")

[node name="Camera3D" type="Camera3D" parent="." unique_id=985533114]
transform = Transform3D(1, 0, 0, 0, 0.707107, 0.707107, 0, -0.707107, 0.707107, 0, 15, 15)
projection = 1
size = 20.0

[node name="MultiplayerSynchronizer" type="MultiplayerSynchronizer" parent="." unique_id=2142027301]
replication_config = SubResource("SceneReplicationConfig_1")
